100
20
30
40
50
60
70
123
5
79
78
23
432
8
079
80
23
4313
587
09+
4
5365
76
6768
35
67
34
7
9
7
3
34
8
13
464
44
+46
546
46
465
465
4
64
864
6
51
651
2
3
87
9
4
3
13
8
7
31
3
546
846
1
354313513
15
351
3
513
1
3
13216543232
13
4
31
3
45
4
6
1
3
54
68
79
6
4
651
3
8
7694
51
6
95195612
13
13
7
35
3
321
40
6686
1321
357
7657
57
35
73
5432
43
4
3
213
576
87
654
32
1
357
351
32
434
-45
-434
54
-43434
34
-456428
-4563
4456
-8364687